"These numbers could be telemarketers: "
1408371942
1408409918
97407 84573
1409994233
97404 30456
99617 25274
74064 66270
1400481538
1407539117
(022)68535788
(080)60463379
(080)20383942
(022)65548497
1409668775
1408672243
(080)62963633
90351 90193
(022)69042431
(080)64015211
1403072432
1402316533
97442 45192
(0471)2171438
(044)22020822
94495 03761
(080)69887826
(080)40362016
1409421631
1401747654
1404787681
(080)60998034
1404073047
(0471)6579079
(0821)3257740
(080)31606520
1404368883
(080)25820765
78291 94593
92414 69419
(040)30429041
(022)37572285
87144 55014
1403579926
